118.65
118.65
106.9183673469387755102
103.7029702970297029702
114.6947368421052631578
97.247422680412371134
128.6555555555555555555
132.5
108.451923076923076923
105.6226415094339622641
105.6226415094339622641
122.6632653061224489795
101.6697247706422018348
87.1754385964912280701
101.5454545454545454545
97.8869565217391304347
108.9797979797979797979
125.9565217391304347826
106.4862385321100917431
127.2323232323232323232
127.2323232323232323232
102.5490196078431372549
101.5596330275229357798
99.844036697247706422
94.6727272727272727272
92.0188679245283018867
101.0566037735849056603
119.9032258064516129032
107.4489795918367346938
110.79
105.4166666666666666666
116.6082474226804123711
96.7047619047619047619
96.7047619047619047619
90.2833333333333333333
101.3981481481481481481
91.4090909090909090909
118.1649484536082474226
125.5376344086021505376
95.0
105.25
114.9215686274509803921
102.1226415094339622641
102.1226415094339622641
94.190909090909090909
92.4454545454545454545
93.3009708737864077669
118.1162790697674418604
127.2093023255813953488
127.2093023255813953488
125.8488372093023255813
125.8488372093023255813
546.4333333333333333333
546.4333333333333333333
546.4333333333333333333
193.640625
193.640625
134.1052631578947368421
318.1777777777777777777
318.1777777777777777777
161.2535211267605633802
114.3563218390804597701
140.3888888888888888888
100.0337078651685393258
101.5473684210526315789
122.965909090909090909
118.8181818181818181818
128.2222222222222222222
149.8860759493670886075
122.4069767441860465116
101.8924731182795698924
136.7317073170731707317
150.3506493506493506493
136.1975308641975308641
136.1975308641975308641
125.2352941176470588235
110.7888888888888888888
110.7888888888888888888
118.8588235294117647058
127.7647058823529411764
115.2127659574468085106
133.1882352941176470588
118.7375
126.3058823529411764705
120.7717391304347826086
137.1265822784810126582
137.1265822784810126582
127.1463414634146341463
133.2222222222222222222
118.2988505747126436781
98.7127659574468085106
137.8023255813953488372
137.8023255813953488372
129.2195121951219512195
106.1685393258426966292
158.4
95.070588235294117647
87.5833333333333333333
87.5833333333333333333
84.046875
84.046875
75.5503875968992248062
75.5503875968992248062
88.1
83.9363636363636363636
77.584
71.2153846153846153846
72.7931034482758620689
72.5103448275862068965
76.6187050359712230215
69.2866666666666666666
77.6965517241379310344
77.6965517241379310344
72.2465753424657534246
72.2465753424657534246
75.4027777777777777777
75.4027777777777777777
76.5357142857142857142
71.0608108108108108108
71.8187919463087248322
75.1118881118881118881
75.1118881118881118881
75.8413793103448275862
75.8413793103448275862
80.8115942028985507246
80.8115942028985507246
76.1310344827586206896
70.2260273972602739726
71.5838926174496644295
71.5838926174496644295
74.1904761904761904761
74.1904761904761904761
75.1214285714285714285
75.1214285714285714285
74.9448275862068965517
74.1643835616438356164
74.9931034482758620689
74.9931034482758620689
75.3793103448275862068
75.3793103448275862068
75.9928571428571428571
75.9928571428571428571
72.0965517241379310344
72.0965517241379310344
73.7172413793103448275
71.6530612244897959183
71.6530612244897959183
72.6758620689655172413
72.6758620689655172413
71.9034482758620689655
71.9034482758620689655
72.2191780821917808219
72.2191780821917808219
587.15
587.15
493.552631578947368421
540.4285714285714285714
540.4285714285714285714
540.4285714285714285714
144.4142857142857142857
107.2967032967032967032
152.8205128205128205128
152.8205128205128205128
149.3466666666666666666
126.4044943820224719101
126.921348314606741573
136.0886075949367088607
125.025
146.493670886075949367
113.0888888888888888888
104.2164948453608247422
104.2164948453608247422
126.7261904761904761904
119.1931818181818181818
119.1931818181818181818
123.0348837209302325581
142.038961038961038961
127.3703703703703703703
127.3703703703703703703
126.5106382978723404255
121.2441860465116279069
150.9102564102564102564
129.7283950617283950617
138.6463414634146341463
138.6463414634146341463
127.5853658536585365853
105.6153846153846153846
122.1477272727272727272
106.8505747126436781609
123.7906976744186046511
123.7906976744186046511
150.7027027027027027027
120.6547619047619047619
104.4782608695652173913
104.4782608695652173913
119.5287356321839080459
134.9220779220779220779
128.6666666666666666666
111.2413793103448275862
101.172043010752688172
122.470588235294117647
135.1891891891891891891
135.1891891891891891891
94.5102040816326530612
149.76
132.1481481481481481481
132.1481481481481481481
126.140625
93.8761904761904761904
90.3846153846153846153
82.4094488188976377952
77.4682539682539682539
77.2928571428571428571
77.2928571428571428571
79.7246376811594202898
79.7246376811594202898
79.2230215827338129496
79.2230215827338129496
75.9428571428571428571
80.1407407407407407407
82.1617647058823529411
73.4822695035460992907
80.5703703703703703703
80.0592592592592592592
76.0214285714285714285
77.0431654676258992805
77.0431654676258992805
80.1223021582733812949
80.1223021582733812949
77.7071428571428571428
77.7071428571428571428
81.3812949640287769784
81.3812949640287769784
74.8472222222222222222
74.8472222222222222222
77.5357142857142857142
77.0563380281690140845
71.0136986301369863013
71.0136986301369863013
78.4357142857142857142
78.4357142857142857142
66.8266666666666666666
66.8266666666666666666
69.3533333333333333333
75.25
71.3082191780821917808
71.3082191780821917808
73.1862068965517241379
73.1862068965517241379
72.813793103448275862
72.813793103448275862
72.0544217687074829931
71.0342465753424657534
76.2758620689655172413
77.8428571428571428571
73.4896551724137931034
73.4896551724137931034
74.4344827586206896551
74.4344827586206896551
75.8732394366197183098
71.3517241379310344827
74.021276595744680851
80.8731343283582089552
80.8731343283582089552
110.8727272727272727272
110.8727272727272727272
114.5181818181818181818
108.3211009174311926605
108.3211009174311926605
85.290909090909090909
93.5636363636363636363
114.9183673469387755102
114.9183673469387755102
117.0721649484536082474
101.3490566037735849056
111.0571428571428571428
115.9183673469387755102
95.1142857142857142857
90.6239316239316239316
96.1743119266055045871
96.1743119266055045871
99.7407407407407407407
104.6336633663366336633
126.9673913043478260869
105.7924528301886792452
99.7572815533980582524
121.4081632653061224489
95.6545454545454545454
95.6545454545454545454
104.9142857142857142857
93.3363636363636363636
105.4299065420560747663
101.3364485981308411214
120.2842105263157894736
103.8349514563106796116
120.652631578947368421
120.652631578947368421
100.7706422018348623853
115.0947368421052631578
105.9428571428571428571
105.9428571428571428571
89.9043478260869565217
108.9449541284403669724
108.9449541284403669724
99.7719298245614035087
120.2525252525252525252
120.2525252525252525252
119.4285714285714285714
97.4579439252336448598
108.5333333333333333333
117.9696969696969696969
104.3904761904761904761
84.5752212389380530973
89.6666666666666666666
91.1
103.8823529411764705882
112.7272727272727272727