116.0888888888888888888
93.8333333333333333333
91.6666666666666666666
101.5636363636363636363
100.3425925925925925925
109.88
112.8085106382978723404
109.1020408163265306122
107.41
105.88
102.0
106.15
93.1351351351351351351
91.0272727272727272727
100.7722772277227722772
113.5384615384615384615
117.1318681318681318681
101.8514851485148514851
103.03
115.618556701030927835
99.4077669902912621359
96.6372549019607843137
93.0934579439252336448
92.8990825688073394495
109.39
112.5698924731182795698
119.9
108.2427184466019417475
106.07
112.9462365591397849462
94.98
94.7545454545454545454
93.3773584905660377358
96.5576923076923076923
99.6857142857142857142
113.8210526315789473684
111.0105263157894736842
122.2021276595744680851
98.3689320388349514563
118.4111111111111111111
85.9532710280373831775
87.8782608695652173913
101.8095238095238095238
92.376146788990825688
117.1797752808988764044
135.5
107.6666666666666666666
107.6666666666666666666
119.2023809523809523809
106.7093023255813953488
146.2266666666666666666
121.9746835443037974683
111.7666666666666666666
111.7666666666666666666
108.8777777777777777777
157.64
116.6511627906976744186
149.5342465753424657534
108.8720930232558139534
97.6521739130434782608
109.8470588235294117647
117.6470588235294117647
134.6666666666666666666
143.7972972972972972972
127.6190476190476190476
113.4157303370786516853
125.5853658536585365853
140.0657894736842105263
128.7349397590361445783
124.925
128.7721518987341772151
99.2105263157894736842
105.4235294117647058823
110.0235294117647058823
118.0119047619047619047
128.5844155844155844155
122.313253012048192771
120.1818181818181818181
122.0823529411764705882
129.7105263157894736842
133.7792207792207792207
122.8235294117647058823
103.6111111111111111111
107.1428571428571428571
121.2375
101.2934782608695652173
129.8271604938271604938
135.6933333333333333333
127.1176470588235294117
109.6666666666666666666
129.5375
144.7037037037037037037
123.9090909090909090909
93.4631578947368421052
84.1764705882352941176
78.328
82.3360655737704918032
88.4
86.2
88.1982758620689655172
88.1982758620689655172
89.1391304347826086956
95.5892857142857142857
88.0517241379310344827
88.0517241379310344827
91.9473684210526315789
82.7851239669421487603
83.0833333333333333333
83.0833333333333333333
91.2155172413793103448
89.8956521739130434782
87.8793103448275862068
86.5217391304347826086
90.9734513274336283185
92.3097345132743362831
82.0
93.9724770642201834862
93.9724770642201834862
88.2203389830508474576
87.2136752136752136752
83.1
83.1
84.9655172413793103448
92.044247787610619469
90.8956521739130434782
90.8956521739130434782
92.2946428571428571428
91.890909090909090909
97.7522123893805309734
97.7522123893805309734
93.9380530973451327433
86.3130434782608695652
94.7117117117117117117
92.8272727272727272727
87.9482758620689655172
99.9333333333333333333
86.1452991452991452991
89.4260869565217391304
89.4260869565217391304
93.7876106194690265486
97.3805309734513274336
91.8761061946902654867
87.2155172413793103448
119.8555555555555555555
120.2470588235294117647
124.5125
139.6486486486486486486
96.7093023255813953488
146.2236842105263157894
124.5925925925925925925
115.2777777777777777777
115.2777777777777777777
132.6097560975609756097
135.88
128.2345679012345679012
135.21875
123.8571428571428571428
100.7446808510638297872
116.3902439024390243902
117.5681818181818181818
136.845238095238095238
169.2361111111111111111
98.0227272727272727272
108.4468085106382978723
129.439024390243902439
142.7916666666666666666
119.2962962962962962962
126.0119047619047619047
117.7816091954022988505
120.275
126.885057471264367816
111.1111111111111111111
145.775
126.4050632911392405063
119.8117647058823529411
117.3555555555555555555
122.8235294117647058823
130.2297297297297297297
130.0
108.5955056179775280898
110.7692307692307692307
118.3734939759036144578
128.675
101.9456521739130434782
120.7407407407407407407
133.8205128205128205128
136.7882352941176470588
115.5842696629213483146
141.3076923076923076923
131.064935064935064935
90.6849315068493150684
88.3392857142857142857
76.592
82.0081300813008130081
87.4285714285714285714
83.090909090909090909
87.4956521739130434782
89.0344827586206896551
92.2654867256637168141
92.25
91.3859649122807017543
91.7610619469026548672
81.6333333333333333333
84.1186440677966101694
84.1186440677966101694
95.6238532110091743119
89.9561403508771929824
92.8245614035087719298
92.8245614035087719298
90.0932203389830508474
93.7368421052631578947
86.7777777777777777777
86.7777777777777777777
90.3448275862068965517
89.3272727272727272727
84.6034482758620689655
87.7948717948717948717
83.2100840336134453781
89.6017699115044247787
89.7391304347826086956
95.4210526315789473684
95.4210526315789473684
93.6228070175438596491
94.4090909090909090909
93.0608695652173913043
88.7543859649122807017
84.4426229508196721311
91.4867256637168141592
91.4867256637168141592
99.2
84.9915254237288135593
92.1261261261261261261
88.3362068965517241379
88.5948275862068965517
88.2413793103448275862
88.0689655172413793103
98.4473684210526315789
98.4473684210526315789
95.8918918918918918918
108.5102040816326530612
105.9428571428571428571
103.38
101.3394495412844036697
102.2990654205607476635
102.7128712871287128712
104.652631578947368421
118.8478260869565217391
96.21
114.8172043010752688172
112.6315789473684210526
107.030303030303030303
97.1809523809523809523
99.0275229357798165137
95.7727272727272727272
104.3173076923076923076
115.0105263157894736842
134.6847826086956521739
134.595238095238095238
134.595238095238095238
108.6020408163265306122
117.0
99.4622641509433962264
95.1333333333333333333
99.3428571428571428571
94.4537037037037037037
107.74
124.9680851063829787234
116.2903225806451612903
97.45
103.26
114.5789473684210526315
99.6538461538461538461
97.3363636363636363636
93.2149532710280373831
98.89
107.7319587628865979381
116.590909090909090909
117.0416666666666666666
108.5773195876288659793
103.4230769230769230769
115.4183673469387755102
104.14
89.9449541284403669724
99.695238095238095238
100.0666666666666666666
102.4615384615384615384
