108.9183673469387755102
108.92
103.6509433962264150943
112.13
107.2233009708737864077
114.950980392156862745
116.3333333333333333333
104.2772277227722772277
117.9797979797979797979
103.9238095238095238095
107.1714285714285714285
108.3663366336633663366
108.3663366336633663366
103.3486238532110091743
115.9903846153846153846
116.2989690721649484536
110.51
115.875
107.4854368932038834951
108.0396039603960396039
118.6210526315789473684
110.5
105.447619047619047619
115.7
113.0927835051546391752
121.7368421052631578947
121.7021276595744680851
119.3191489361702127659
119.8125
119.8125
112.04
108.71
108.0961538461538461538
113.460784313725490196
111.93
115.4444444444444444444
120.9789473684210526315
113.5520833333333333333
120.2795698924731182795
118.8181818181818181818
114.02
116.371134020618556701
112.4851485148514851485
108.95
112.0196078431372549019
118.123711340206185567
131.6813186813186813186
386.5348837209302325581
363.6304347826086956521
397.4761904761904761904
397.4761904761904761904
414.255813953488372093
427.5853658536585365853
389.7333333333333333333
367.4090909090909090909
441.3488372093023255813
328.3043478260869565217
430.5581395348837209302
432.4186046511627906976
366.595238095238095238
374.7777777777777777777
354.1739130434782608695
324.3913043478260869565
415.1190476190476190476
411.6666666666666666666
383.3333333333333333333
408.775
410.0681818181818181818
327.82
427.1951219512195121951
405.375
369.0434782608695652173
372.5227272727272727272
406.2325581395348837209
398.2666666666666666666
478.7
349.7333333333333333333
371.4583333333333333333
366.3863636363636363636
380.756097560975609756
443.2682926829268292682
383.1463414634146341463
370.5813953488372093023
345.3541666666666666666
341.7708333333333333333
387.1951219512195121951
389.4883720930232558139
414.3636363636363636363
397.6136363636363636363
404.3
376.840909090909090909
342.4047619047619047619
404.775
423.4418604651162790697
70.6222222222222222222
70.8666666666666666666
69.4714285714285714285
74.065217391304347826
66.5177304964539007092
72.0071428571428571428
69.8714285714285714285
69.8714285714285714285
75.9111111111111111111
75.9111111111111111111
72.0962962962962962962
70.9629629629629629629
70.1285714285714285714
76.7481481481481481481
76.7481481481481481481
74.0681818181818181818
76.8787878787878787878
73.25
73.25
69.7214285714285714285
69.5642857142857142857
71.4388489208633093525
68.4637681159420289855
65.3076923076923076923
65.3076923076923076923
77.5833333333333333333
68.9172413793103448275
69.4710144927536231884
70.9928571428571428571
70.9928571428571428571
76.037593984962406015
72.8
75.2043795620437956204
70.2142857142857142857
76.6194029850746268656
72.0222222222222222222
72.0222222222222222222
71.2589928057553956834
73.0071942446043165467
78.5454545454545454545
74.4887218045112781954
72.3722627737226277372
75.7777777777777777777
71.5144927536231884057
75.065217391304347826
74.4518518518518518518
74.4518518518518518518
71.0364963503649635036
71.7810218978102189781
99.2456140350877192982
402.7804878048780487804
346.2916666666666666666
418.047619047619047619
404.023255813953488372
427.7
353.7777777777777777777
364.9285714285714285714
395.2888888888888888888
359.0
419.4186046511627906976
408.1590909090909090909
361.5555555555555555555
354.2888888888888888888
328.4680851063829787234
388.0681818181818181818
388.3777777777777777777
428.7209302325581395348
386.9285714285714285714
420.0
374.5
362.0
403.5365853658536585365
417.4186046511627906976
358.1702127659574468085
383.6976744186046511627
393.1136363636363636363
421.075
371.4761904761904761904
366.282608695652173913
398.6829268292682926829
334.8367346938775510204
407.9268292682926829268
426.4318181818181818181
387.9090909090909090909
364.2
321.4468085106382978723
350.4166666666666666666
400.2093023255813953488
373.4285714285714285714
369.3777777777777777777
381.9523809523809523809
408.0444444444444444444
324.591836734693877551
398.3555555555555555555
450.2
276.1627906976744186046
72.3282442748091603053
76.6888888888888888888
76.6888888888888888888
70.2681159420289855072
72.7878787878787878787
73.1666666666666666666
71.5333333333333333333
73.4
68.6896551724137931034
75.9850746268656716417
68.1167883211678832116
72.6691176470588235294
75.3787878787878787878
63.3333333333333333333
72.5255474452554744525
69.1285714285714285714
73.1357142857142857142
73.1357142857142857142
79.5648854961832061068
70.9051094890510948905
69.8235294117647058823
68.9142857142857142857
68.9142857142857142857
72.2043795620437956204
72.3065693430656934306
71.6861313868613138686
69.2642857142857142857
70.9857142857142857142
73.3868613138686131386
72.8920863309352517985
75.0444444444444444444
74.474074074074074074
71.9270072992700729927
71.9270072992700729927
72.8071428571428571428
73.2666666666666666666
81.7063492063492063492
72.007518796992481203
79.1450381679389312977
79.1450381679389312977
75.8248175182481751824
75.2290076335877862595
74.274074074074074074
84.0314960629921259842
84.0314960629921259842
74.9022556390977443609
76.3664122137404580152
98.2566371681415929203
109.33
111.920792079207920792
108.8962264150943396226
108.8333333333333333333
108.6336633663366336633
114.43
118.8111111111111111111
112.3960396039603960396
118.5894736842105263157
111.9117647058823529411
103.451923076923076923
109.5742574257425742574
111.77
112.0980392156862745098
120.086021505376344086
114.38
117.6489361702127659574
112.2156862745098039215
107.9142857142857142857
109.24
103.4622641509433962264
106.92
110.5333333333333333333
110.5333333333333333333
115.46875
121.4315789473684210526
116.5
119.7692307692307692307
122.3555555555555555555
110.1456310679611650485
113.4455445544554455445
104.895238095238095238
116.0
107.3365384615384615384
119.7473684210526315789
120.6736842105263157894
120.3263157894736842105
120.3263157894736842105
118.6489361702127659574
115.29
111.5
110.8039215686274509803
106.7058823529411764705
102.1619047619047619047
109.1428571428571428571
120.5106382978723404255
120.5106382978723404255
114.867346938775510204
147.5
