333
379
388
393
387
378
367
246
385
399
300
375
386
398
4
399
395
348
398
395
371
391
399
389
375
398
382
399
387
395
399
207
391
15
389
67
399
399
340
399
398
391
393
394
375
399
379
215
382
390
162
209
326
373
368
393
398
315
384
378
106
398
399
384
50
389
217
321
395
50
399
389
399
142
386
392
256
372
386
392
394
398
346
381
399
309
49
365
399
397
360
397
315
398
65
195
398
378
326
393
373
382
398
357
337
36
338
398
392
290
399
350
396
358
398
260
367
399
399
385
398
399
399
321
397
396
398
350
395
397
380
398
114
398
398
359
397
380
391
359
399
377
395
397
359
399
377
331
186
320
65
399
386
397
399
221
399
391
235
396
399
397
370
85
353
382
395
384
392
327
379
241
399
352
398
396
91
399
398
274
384
397
398
398
320
363
247
399
316
394
374
8
257
399
388
398
271
399
12
257
328
399
393
378
390
396
399
396
399
387
354
364
389
310
389
373
399
388
392
399
387
387
384
399
399
225
394
389
386
396
397
354
310
399
381
394
397
397
399
398
394
335
212
249
158
391
115
381
396
181
378
388
157
379
394
392
383
395
398
394
356
399
136
359
398
399
392
399
394
334
386
399
352
398
333
399
176
398
18
344
94
266
391
372
397
398
272
399
373
385
79
397
397
390
335
394
399
390
288
399
372
151
399
385
396
338
365
343
399
176
363
399
394
174
397
398
359
399
365
391
200
302
362
399
397
383
399
397
396
399
151
399
399
393
381
294
377
303
232
301
315
397
395
399
396
337
353
327
337
350
382
181
399
330
389
396
165
376
392
399
398
365
382
398
306
393
210
399
49
387
388
208
399
101
370
96
365
398
155
375
347
125
393
222
394
344
399
170
263
399
389
355
369
348
225
399
372
398
60
241
393
398
399
398
386
321
364
391
282
310
398
393
232
386
363
382
332
60
398
398
266
395
394
345
288
399
396
230
320
383
376
399
357
398
368
393
398
298
384
151
363
399
394
249
398
398
390
382
392
399
336
380
396
399
399
378
399
299
396
364
397
395
399
399
374
399
245
399
335
385
363
371
4
391
31
387
369
309
379
391
362
278
397
398
399
124
28
396
396
383
299
301
283
399
244
396
389
363
396
352
390
378
394
316
397
225
129
399
298
396
360
397
144
370
399
393
399
399
398
391
142
395
387
399
393
328
398
398
396
390
68
215
318
399
354
399
313
189
379
395
357
27
381
393
393
395
370
371
370
338
381
399
374
397
396
398
372
216
212
302
379
399
363
399
17
126
394
396
399
399
21
394
353
348
393
399
183
307
373
397
376
12
376
398
394
397
102
373
397
123
399
399
388
374
399
187
386
399
399
129
267
397
347
397
399
398
394
323
99
393
398
392
398
199
398
392
399
339
381
382
192
384
399
393
79
396
394
368
399
226
399
158
368
398
341
129
211
329
394
145
395
399
398
395
383
398
67
398
391
386
158
353
221
383
398
399
352
391
225
354
398
71
398
121
364
387
252
382
223
391
377
392
178
393
399
399
380
298
304
391
390
398
371
267
350
397
361
395
397
399
258
399
354
38
399
391
399
395
359
336
202
399
285
398
370
375
31
397
249
304
399
398
395
238
393
399
392
334
360
384
277
151
295
352
349
399
305
298
396
162
397
381
198
266
337
377
378
399
398
394
398
399
282
159
391
390
320
396
395
386
380
390
399
332
399
388
399
38
390
327
397
398
390
397
399
377
69
340
396
361
398
392
397
348
372
394
268
396
344
393
359
398
392
396
398
300
399
399
362
21
397
142
397
300
321
313
396
398
4
310
397
285
17
399
393
278
244
397
397
396
386
302
354
375
309
390
398
398
398
368
399
378
395
339
362
393
92
396
396
396
268
344
399
393
35
397
384
382
232
396
399
285
380
384
343
377
387
393
371
397
392
330
384
358
399
399
381
319
323
314
211
8
286
311
391
399
346
390
372
397
388
382
396
394
371
381
389
247
399
277
392
398
399
29
396
399
389
334
273
399
77
174
399
339
342
286
399
393
372
385
135
143
399
347
399
399
395
399
374
372
393
392
399
206
396
360
184
399
399
395
316
397
62
392
398
398
236
174
319
104
399
399
334
84
196
337
318
298
383
304
253
397
383
398
399
371
399
399
352
108
378
397
399
398
398
395
389
389
398
340
399
395
394
381
388
399
396
391
360
379
399
348
128
376
388
397
399
382
399
391
399
399
165
399
399
399
231
241
148
398
335
383
351
331
394
389
393
395
392
390
