555
770
307
120
668
137
769
328
265
460
52
321
692
426
615
381
28
256
476
719
250
35
218
267
634
485
27
569
75
475
255
451
256
457
226
705
417
19
790
284
320
661
320
302
99
30
348
574
152
787
551
619
93
364
291
435
375
586
130
312
518
747
752
464
137
295
184
650
521
263
84
14
368
724
341
514
117
714
562
363
139
163
90
154
333
753
740
67
112
342
128
728
273
230
446
334
321
302
405
247
598
618
593
65
13
492
90
667
156
208
353
667
666
659
630
159
106
673
603
53
731
633
73
406
159
248
192
403
100
692
493
551
494
396
98
189
779
509
696
356
151
425
718
48
119
293
183
309
448
637
15
483
397
742
472
499
324
714
363
476
4
414
760
506
160
780
497
790
746
441
790
316
522
546
439
466
140
328
133
591
735
230
370
164
533
400
196
55
670
336
738
670
785
461
318
261
224
128
340
78
426
577
94
628
733
241
655
237
207
598
294
464
292
208
645
96
405
677
737
53
367
500
326
196
674
652
309
437
193
638
301
423
234
466
20
107
616
523
443
606
563
680
298
672
196
486
725
237
397
752
145
277
196
635
220
338
424
507
44
484
327
115
500
463
601
247
620
89
597
375
478
200
355
213
525
251
230
376
443
251
776
24
94
296
329
343
687
762
646
396
238
94
732
25
245
719
417
129
634
161
149
711
650
118
459
19
618
259
272
268
156
658
746
144
736
623
396
406
346
658
685
675
29
100
659
69
761
149
762
238
756
418
462
680
45
645
234
19
696
739
243
691
321
507
614
395
443
69
710
57
631
641
113
370
271
517
245
280
284
497
599
451
615
267
645
558
234
526
106
412
519
125
319
268
606
519
37
301
573
223
762
775
717
485
527
133
788
742
343
15
677
380
340
561
594
312
192
310
611
742
39
364
719
241
512
428
231
737
470
132
637
11
587
301
434
777
186
21
399
422
164
337
184
661
540
421
535
359
431
203
405
491
302
639
616
607
349
301
299
236
139
789
236
340
750
79
726
214
88
246
549
709
562
121
339
216
88
632
361
588
188
712
410
121
406
166
50
605
271
127
427
697
216
219
757
620
603
356
201
774
77
605
590
539
577
599
755
580
145
528
70
285
105
683
70
368
587
498
584
476
450
47
315
414
428
197
262
190
18
271
400
321
180
588
454
576
754
661
236
4
353
157
99
527
299
39
296
338
554
165
478
505
87
44
89
81
786
655
353
10
676
216
620
138
463
616
486
637
530
743
598
132
298
190
51
606
100
653
388
117
240
408
186
65
694
639
263
670
478
589
229
223
355
262
258
135
661
129
176
417
792
700
641
586
547
543
384
549
37
760
225
767
723
704
440
141
88
85
600
155
669
341
525
693
85
215
581
236
748
184
627
670
667
162
324
551
191
789
608
481
255
443
786
299
630
401
116
34
721
141
283
600
687
292
789
215
320
33
572
344
556
230
706
317
463
274
436
219
559
303
610
321
394
397
592
579
514
250
694
491
387
135
55
249
227
388
364
1
133
701
733
717
115
771
143
315
317
640
656
2
31
46
785
192
711
703
552
541
684
403
567
41
620
291
27
284
453
275
453
442
21
33
509
545
130
13
262
701
129
77
341
387
688
735
702
153
177
151
25
792
576
285
718
400
483
721
607
80
274
293
791
681
773
180
141
210
787
651
171
23
132
761
71
635
740
430
748
157
18
25
163
89
149
220
716
200
749
718
600
524
231
647
35
240
342
38
753
585
50
777
793
298
375
44
4
264
220
424
672
480
777
489
588
759
17
446
697
787
531
769
674
664
322
268
621
24
777
419
70
3
19
220
1
651
165
41
583
512
717
210
719
629
0
339
125
293
494
646
395
709
682
429
347
708
372
579
74
416
345
574
116
438
126
257
7
93
723
690
730
662
79
102
482
372
9
322
202
427
161
173
363
622
342
428
262
120
578
232
418
399
121
271
511
284
485
299
622
600
188
58
593
779
423
626
798
523
758
711
90
665
294
331
711
536
85
192
83
715
696
33
179
205
203
314
164
312
783
621
355
635
79
415
4
423
64
622
600
415
261
414
751
116
107
251
533
604
717
482
7
277
144
384
159
164
425
655
370
74
291
722
122
353
551
600
798
603
757
606
465
516
158
264
718
169
84
608
212
506
710
449
572
229
699
633
0
368
209
198
600
319
241
250
224
682
133
301
687
798
527
214
401
613
726
619
734
773
270
665
145
740
28
84
304
517
111
358
279
372
243
156
437
13
463
431
139
761
631
131
531
708
321
401
148
144
442
112
379
677
107
415
156
714
11
395
191
91
110
13
562
198
601
781
255
422
273
665
650
16
641
2
677
734
100
797
252
321
97
22
215
254
551
19
293
461
95
401
545
458
284
298
179
264
89
229
401
698
220
261
605
557
287
670
355
26
99
439
64
742
216
793
778
627
362
631
624
330
406
47
176
323
547
609
315
728
735
168
781
18
737
56
756
309
272
49
667
182
190
128
700
616
414
419
388
100
208
67
150
209
214
194
472
20
596
665
200
733
295
613
167
363
312
97
17
64
155
359
366
461
545
562
650
334
308
320
202
425
524
390
90
175
452
785
444
315
198
746
347
344
374
99
352
667
709
546
372
703
96
539
609
567
145
251
613
686
253
75
667
344
430
16
765
165
36
781
437
494
729
226
484
434
455
535
267
664
231
466
70
395
637
302
131
55
109
310
180
794
696
515
194
197
186
15
688
797
715
177
473
335
9
698
653
170
332
625
613
294
600
96
280
71
134
598
765
179
21
347
313
54
799
94
541
373
784
687
155
556
70
92
759
37
77
116
399
23
262
469
622
564
148
292
34
261
69
373
671
72
709
218
633
140
91
552
428
656
179
52
150
132
382
653
36
286
470
86
7
305
55
527
101
323
120
0
488
681
506
356
493
282
716
411
683
244
307
525
559
662
787
402
63
142
492
239
720
491
449
36
799
54
181
528
791
382
413
362
278
775
624
448
287
109
479
266
97
764
730
700
211
509
303
449
582
763
144
167
453
165
499
419
564
300
574
64
563
585
508
395
695
623
426
768
625
587
497
320
698
598
613
388
485
260
475
711
260
701
179
610
578
588
423
437
104
446
171
149
574
186
388
466
282
112
666
413
146
9
694
758
384
598
151
246
183
222
767
786
392
37
368
422
459
306
387
453
240
439
27
532
364
772
704
249
703
51
716
592
10
343
698
166
394
523
778
694
633
31
611
596
55
793
403
338
666
397
80
165
621
221
148
243
536
378
171
3
386
532
21
548
532
410
28
683
131
53
563
586
147
432
152
344
751
531
777
464
30
223
553
765
347
394
212
605
638
223
351
730
152
794
556
528
356
384
650
434
590
163
593
366
592
125
80
310
587
43
732
386
160
52
586
738
393
428
547
641
766
150
489
375
719
559
592
694
109
595
781
12
437
633
617
617
758
528
369
51
452
409
641
104
344
790
655
547
478
635
280
549
92
779
79
116
192
653
292
465
28
420
463
178
665
602
760
492
497
267
93
665
212
548
541
504
740
606
766
125
167
665
621
325
634
629
348
202
208
599
191
601
685
357
372
330
614
759
104
315
747
204
481
748
351
52
241
643
267
268
246
759
124
186
500
252
286
792
252
755
330
164
243
720
541
163
441
485
174
466
761
130
737
163
657
23
564
443
99
650
398
585
180
76
150
581
584
87
141
9
630
615
564
379
450
35
338
149
507
536
363
418
141
184
345
176
191
41
62
185
652
252
446
203
352
173
701
201
44
727
97
572
198
273
549
338
142
288
293
499
260
207
67
55
243
402
581
163
552
487
96
268
459
165
730
283
792
674
649
191
765
302
628
736
369
327
92
576
554
333
379
339
9
210
512
641
313
120
605
96
576
263
76
757
475
262
254
133
428
588
525
246
37
454
514
244
790
146
421
412
731
723
753
563
82
645
353
517
712
97
410
583
577
111
308
551
3
23
421
39
67
53
489
790
680
267
313
261
798
244
575
657
85
428
287
652
585
520
44
68
159
63
81
54
546
493
80
616
687
118
54
31
532
147
391
741
424
790
573
466
42
622
466
288
138
718
644
227
736
793
522
631
726
146
27
464
775
278
336
493
136
201
376
416
735
799
174
208
316
760
717
247
756
482
219
211
373
705
581
347
533
338
554
761
120
778
438
583
198
253
256
232
431
467
535
616
316
128
279
274
652
234
444
442
519
411
593
127
447
280
516
606
279
747
518
311
231
759
390
408
701
136
600
657
483
428
387
204
176
4
65
714
329
559
661
339
659
411
35
378
493
361
525
382
118
726
422
477
158
448
17
190
743
511
295
709
319
50
68
498
296
652
388
423
745
90
500
464
163
122
235
537
212
330
744
489
389
728
505
414
216
140
293
363
754
204
745
183
647
206
776
380
301
743
443
242
363
201
742
53
590
296
180
394
405
75
355
130
453
24
100
746
772
158
686
645
159
305
497
374
639
542
463
327
242
162
466
471
396
718
22
627
296
215
445
206
10
349
165
156
543
135
420
756
792
478
582
224
517
545
179
119
616
239
792
406
146
482
464
755
427
633
753
94
112
737
359
52
664
514
150
282
555
188
762
307
206
67
233
157
467
150
392
201
32
585
702
560
232
546
537
303
674
40
248
206
195
585
541
159
44
514
695
686
572
794
175
642
726
120
215
408
104
773
477
80
693
724
205
179
360
730
331
506
220
247
746
666
33
127
616
560
304
162
788
482
119
212
664
361
579
653
702
280
439
564
540
735
366
167
71
608
53
198
305
457
363
507
624
153
559
410
684
742
318
145
551
540
167
182
699
416
527
298
681
416
82
424
539
171
320
317
693
424
401
529
395
498
665
483
183
714
373
183
178
360
687
559
239
138
66
363
757
255
765
141
720
455
719
327
62
465
129
368
573
31
290
142
546
21
407
283
32
173
693
168
536
544
521
527
556
217
629
39
285
619
708
340
146
290
470
198
745
511
378
667
43
153
20
101
50
103
451
533
270
627
296
347
352
124
394
538
370
516
703
331
588
755
596
672
227
260
685
405
383
661
177
785
418
109
623
583
100
632
255
738
612
782
444
574
530
63
603
716
524
335
293
457
137
764
474
441
294
352
228
367
353
97
51
767
598
142
310
179
246
308
418
598
564
611
733
779
20
489
548
523
273
577
108
284
226
178
723
602
605
595
791
103
201
354
615
663
744
783
515
117
8
408
710
154
91
57
355
635
704
745
508
328
39
213
522
580
590
73
360
514
408
87
393
82
244
512
103
265
564
702
515
201
736
190
90
406
78
563
588
602
171
243
587
222
2
201
179
760
454
563
69
102
616
607
690
212
395
650
217
206
783
734
251
602
633
497
172
147
400
458
379
670
217
730
348
170
103
363
641
353
149
423
515
98
769
690
119
427
563
444
363
738
233
490
100
269
368
132
347
289
398
520
486
633
86
768
532
155
748
340
619
25
306
196
493
681
689
148
393
159
727
513
684
50
797
597
556
587
410
45
2
475
487
638
147
520
519
740
417
465
603
414
23
85
14
79
380
638
663
398
45
44
362
780
322
23
405
545
70
356
308
127
340
64
301
105
120
102
245
717
732
15
405
783
501
788
146
116
88
571
273
308
497
36
143
354
697
761
228
383
620
698
285
95
171
147
622
494
206
416
29
211
200
257
574
114
582
146
484
50
89
263
714
432
729
576
449
723
749
493
665
579
551
625
30
756
288
771
3
727
519
444
33
736
51
782
60
146
247
294
8
627
358
302
295
89
324
649
168
210
344
28
312
141
760
659
174
787
182
740
20
600
660
524
222
455
708
629
56
409
102
126
398
239
371
517
774
365
7
121
254
240
606
745
57
118
105
581
127
688
565
353
245
482
67
60
226
653
259
480
46
501
44
525
450
162
612
785
49
744
160
278
513
177
63
252
352
451
769
467
380
350
373
460
424
761
723
231
443
1
359
81
124
495
151
77
218
690
707
763
342
302
192
577
331
134
559
605
318
317
274
549
645
205
474
582
624
526
58
438
429
447
59
543
474
581
429
660
194
716
600
61
246
272
107
447
304
546
126
181
393
140
214
758
285
614
62
524
241
516
225
542
653
159
91
763
128
732
319
140
680
710
121
526
618
202
428
755
565
295
264
211
457
590
460
187
309
231
18
707
681
544
707
406
280
776
130
221
208
551
260
291
150
736
443
549
302
518
311
703
297
296
339
130
641
499
489
204
492
391
199
5
188
143
255
18
514
285
630
450
9
799
563
446
712
11
770
469
307
715
87
614
603
743
425
716
140
596
282
107
167
353
399
594
229
564
97
748
352
623
592
385
543
296
309
181
339
509
164
493
509
325
193
648
344
783
529
572
337
367
367
62
748
472
263
458
21
442
356
438
729
538
194
794
787
84
623
374
191
732
796
425
553
439
605
667
513
488
604
423
569
274
429
590
288
516
83
700
701
357
73
212
464
676
537
183
689
363
575
129
25
382
378
367
160
223
28
478
622
702
759
540
257
783
553
280
547
510
442
525
60
574
87
399
381
314
130
7
486
441
764
728
590
290
510
785
298
146
285
327
164
216
429
511
488
222
722
331
645
228
170
619
732
32
390
87
649
728
170
540
718
303
130
538
695
172
728
540
419
686
532
135
332
232
551
141
726
568
670
151
230
121
663
272
474
197
230
358
694
104
499
144
165
756
305
333
575
611
315
36
616
448
213
668
760
495
685
221
772
735
328
182
152
131
555
561
104
120
612
313
433
441
768
703
269
572
670
334
68
221
305
346
606
220
29
555
210
726
38
474
512
122
406
613
690
72
400
448
302
251
309
556
593
666
211
260
540
88
105
715
321
461
538
47
456
213
279
143
155
347
679
61
42
107
95
171
71
624
188
589
644
67
315
71
38
51
332
310
346
408
230
295
56
57
310
440
750
412
167
106
438
287
232
138
166
497
169
95
142
558
697
436
654
133
454
197
93
442
271
401
91
203
665
118
705
345
567
338
291
136
498
203
220
32
387
630
521
40
218
462
506
187
373
591
563
4
424
219
565
397
186
330
697
138
564
272
614
44
135
309
141
172
94
302
263
377
768
386
87
740
204
562
125
351
568
285
111
310
695
38
318
124
693
77
424
28
352
605
251
710
473
232
794
545
394
339
603
448
556
591
268
670
702
278
3
346
173
769
9
16
683
55
377
490
45
510
393
654
396
656
55
657
167
39
796
339
529
565
120
572
562
604
503
376
17
624
655
394
221
564
369
179
281
588
98
112
633
272
729
433
445
278
217
488
220
259
467
518
773
265
726
429
419
556
741
243
520
367
309
435
492
576
746
138
360
609
496
251
229
158
799
115
191
561
163
35
67
133
439
658
147
632
357
393
788
762
722
591
40
485
379
781
60
291
1
447
246
388
251
106
710
676
199
735
766
576
301
194
696
609
230
113
495
217
353
348
449
280
703
191
435
161
623
222
539
14
528
735
254
99
631
52
739
62
55
257
128
200
40
493
517
189
588
212
131
103
123
205
188
509
709
485
399
30
670
425
276
132
409
157
548
565
515
354
765
435
354
276
16
175
311
78
564
739
584
415
61
511
348
290
329
464
397
219
652
790
121
34
545
436
143
338
776
471
219
15
510
479
632
2
119
50
235
589
329
193
164
573
212
352
458
349
156
197
484
624
703
464
68
361
202
594
439
246
1
51
15
115
319
451
281
478
565
413
772
604
239
485
276
20
189
317
532
355
360
261
298
314
385
778
74
706
151
672
578
381
422
716
123
760
777
67
456
466
310
437
192
293
99
395
702
68
115
588
532
291
163
525
0
144
83
707
152
160
326
384
85
658
23
87
776
724
142
710
268
25
404
26
679
491
41
526
440
367
730
301
556
705
168
347
580
125
799
159
319
477
601
573
768
242
191
120
75
209
362
641
140
572
0
287
385
138
86
142
489
622
350
563
703
451
104
272
330
487
16
650
255
423
627
171
502
256
55
207
744
177
331
123
650
569
539
344
610
324
731
496
236
98
675
123
353
460
161
429
119
476
547
574
274
730
323
599
631
375
694
725
272
105
721
767
191
778
427
709
67
499
730
107
241
755
642
161
345
46
142
551
678
578
103
645
187
464
443
438
603
100
720
322
780
748
300
77
375
395
708
583
741
400
369
291
328
132
443
204
232
62
229
669
260
586
618
61
23
464
530
670
416
472
2
297
564
237
228
522
249
276
105
309
125
84
620
727
644
191
326
393
298
535
77
415
261
281
536
40
296
764
240
13
317
489
202
297
512
243
384
1
251
701
529
499
19
751
782
193
582
74
281
367
587
410
273
360
41
797
622
554
276
507
116
107
73
286
151
344
634
391
98
155
56
260
54
720
98
508
689
744
482
724
286
407
28
664
8
91
105
789
756
368
289
571
294
311
383
89
753
118
795
446
108
325
300
113
275
149
12
705
660
421
60
397
664
634
320
120
243
770
502
587
446
696
26
42
704
213
375
224
153
743
578
341
529
619
376
648
211
5
111
752
484
253
257
323
377
706
700
461
770
1
144
717
435
775
531
210
714
685
148
274
666
293
235
52
442
88
325
529
744
246
400
620
318
706
738
253
605
340
353
375
375
773
597
678
740
103
254
548
247
658
677
280
138
677
274
780
194
529
82
487
210
552
81
446
308
18
488
75
501
408
225
102
646
539
207
586
335
369
573
506
310
646
521
648
593
635
428
576
9
718
601
754
149
164
690
493
561
552
779
698
276
518
421
431
606
519
306
633
597
180
524
56
197
284
704
122
623
206
544
113
522
349
794
234
215
243
176
136
512
681
24
448
601
696
531
689
105
194
611
505
720
644
524
18
678
727
565
235
572
102
27
177
629
30
670
161
241
253
381
400
580
73
35
427
8
318
518
113
364
148
345
317
473
113
143
226
336
239
573
682
56
579
308
767
108
653
76
542
112
551
729
55
115
392
43
760
775
520
228
440
124
256
163
296
246
391
164
140
380
772
183
360
372
287
567
58
439
133
654
720
649
566
734
708
259
270
45
542
602
619
333
75
660
112
170
163
556
122
81
530
443
142
718
261
717
154
684
209
708
571
227
601
98
65
52
120
739
189
491
792
115
743
162
348
7
279
646
289
751
308
592
421
693
735
409
505
694
543
757
418
484
500
560
689
27
348
414
557
216
797
182
102
86
573
459
369
219
315
739
338
333
269
27
390
32
568
59
528
330
225
618
589
152
678
76
780
45
74
710
584
69
249
244
114
774
373
72
468
172
784
245
146
405
738
185
269
114
353
708
36
649
416
787
497
34
218
26
208
629
11
545
718
191
402
90
668
118
757
219
551
258
796
420
516
88
187
429
40
407
2
102
279
412
222
541
97
31
681
392
74
52
712
198
538
495
772
356
733
252
461
243
387
549
580
72
381
166
115
394
417
403
50
319
305
378
271
487
26
88
680
638
212
125
211
203
466
121
750
160
66
702
263
634
178
599
763
95
244
471
334
216
79
656
405
37
709
287
665
465
98
573
639
738
515
471
524
693
273
212
216
284
313
66
162
108
700
7
187
673
217
152
767
401
41
166
368
754
303
157
559
291
419
652
14
521
473
428
41
470
402
702
649
495
684
602
449
262
589
626
533
559
293
341
396
414
543
97
352
446
190
428
100
749
315
9
189
520
219
518
649
521
536
450
125
558
97
743
258
771
355
174
76
607
723
207
581
623
503
353
128
147
270
60
499
587
198
94
636
109
126
679
196
549
321
759
587
529
278
181
451
639
326
467
364
644
281
588
781
555
182
441
637
505
754
198
540
277
214
660
476
102
773
111
146
299
22
649
167
103
177
596
546
720
450
728
401
389
633
44
761
45
68
432
573
619
235
123
308
91
707
23
494
165
214
167
539
575
453
732
275
714
186
507
299
703
401
521
77
509
95
80
561
428
589
208
676
767
535
431
606
30
762
290
63
762
697
422
687
73
693
468
223
779
611
645
444
419
89
61
282
262
271
210
114
304
219
566
540
263
406
114
724
686
593
368
689
337
636
50
118
344
250
286
724
389
82
724
613
574
142
445
145
588
719
429
309
734
522
266
10
386
350
717
2
272
797
171
263
769
293
288
200
732
629
598
156
425
458
237
53
504
170
689
332
213
278
435
489
248
505
741
320
555
214
137
624
588
504
73
672
355
432
567
620
268
480
680
739
774
377
494
345
70
415
294
542
669
309
148
97
5
634
32
357
27
480
650
128
502
12
118
371
475
244
636
436
257
619
578
554
664
756
147
8
278
198
796
473
14
270
529
552
511
135
74
645
43
717
480
506
286
385
299
654
149
369
669
254
517
396
554
304
39
788
185
229
761
697
20
387
481
573
221
124
402
41
786
499
766
470
309
113
506
50
628
184
459
145
199
506
554
611
651
670
591
561
719
141
763
193
38
566
172
759
770
324
273
393
108
692
789
517
117
585
318
612
388
47
541
754
694
126
486
144
369
9
97
313
728
301
771
193
130
349
745
227
327
351
229
578
143
567
476
162
380
752
391
247
598
637
749
94
268
183
707
300
354
166
177
468
482
147
2
755
29
69
67
382
87
43
622
35
92
421
34
778
701
117
393
687
451
236
132
611
663
283
584
709
385
347
55
448
511
22
540
64
617
155
760
329
443
603
566
465
105
763
580
76
378
677
72
34
281
622
637
385
71
543
118
212
538
364
352
546
594
610
736
296
57
137
649
394
261
76
101
153
492
647
181
127
726
649
298
587
578
144
675
120
298
31
461
476
113
56
181
32
310
358
759
352
249
785
399
729
527
322
392
63
680
138
644
525
344
289
431
719
782
489
97
348
649
9
424
673
171
203
234
541
746
438
157
584
357
185
36
333
592
36
385
671
170
64
260
537
174
36
765
336
494
253
559
243
513
175
782
499
470
603
415
629
613
607
629
284
401
561
27
685
720
81
210
125
15
53
652
113
697
123
425
97
338
31
499
515
637
400
90
374
47
159
671
224
90
565
604
611
420
488
267
260
329
483
550
422
688
17
647
326
337
329
759
340
178
84
28
338
36
640
601
569
33
88
167
304
636
206
480
560
485
228
545
289
638
307
774
317
493
89
19
722
256
40
737
691
151
205
718
252
406
567
43
773
48
619
789
0
296
227
70
76
63
62
294
391
468
400
516
360
583
476
56
264
610
751
595
584
603
357
40
116
590
572
227
640
289
588
129
519
746
716
134
706
494
736
638
51
693
723
577
411
291
705
637
734
274
431
166
197
2
788
456
483
336
27
415
64
789
543
51
327
561
186
457
216
142
560
21
387
141
70
364
499
445
579
456
267
398
630
238
644
453
591
392
255
204
635
104
532
275
8
122
737
144
174
470
271
796
451
8
789
701
735
203
400
304
496
587
133
120
213
343
549
424
137
355
180
258
720
535
396
240
118
102
405
595
603
402
606
236
132
481
166
442
690
0
185
403
460
636
117
718
350
1
314
382
438
282
241
477
442
651
371
799
384
580
265
724
637
529
492
438
559
153
227
415
685
663
779
320
217
500
385
599
638
456
31
503
135
737
495
780
397
170
667
627
224
712
592
552
294
711
732
733
542
158
77
296
637
676
114
23
416
315
354
17
455
188
590
36
153
260
700
24
97
400
203
265
51
383
357
144
165
64
643
292
25
586
45
356
19
666
395
588
753
514
162
468
230
485
778
477
357
258
144
542
101
130
588
597
790
27
60
762
281
480
1
20
456
470
310
700
799
704
79
770
171
65
117
72
518
332
116
619
151
279
59
446
311
226
130
720
11
534
498
202
208
315
7
137
535
187
562
374
95
379
531
763
417
248
268
593
540
94
688
121
781
328
406
615
110
215
135
231
550
206
63
158
161
33
76
17
289
202
392
371
323
791
422
292
709
520
53
417
134
547
690
775
232
234
55
157
705
503
672
157
477
58
577
744
682
11
164
96
494
71
301
504
631
519
271
39
76
559
111
514
444
296
672
20
365
600
42
264
776
516
732
358
424
141
673
713
113
736
199
286
226
691
643
327
446
257
119
44
451
344
96
441
772
231
561
333
468
353
146
194
794
275
736
43
201
469
582
412
691
485
355
1
594
441
739
35
94
795
719
315
126
268
291
193
414
549
690
484
527
457
100
331
0
213
496
37
763
793
141
202
380
670
35
345
790
549
532
82
19
781
550
350
495
209
436
797
643
133
173
617
596
450
22
644
342
564
44
538
581
695
529
338
45
646
681
283
206
617
192
430
305
57
692
646
324
674
694
603
226
619
280
644
650
668
375
474
204
323
601
687
34
33
414
556
376
262
471
559
786
343
78
57
507
501
710
83
629
541
386
602
166
132
269
446
169
306
463
198
336
548
272
3
540
667
206
491
160
470
18
756
372
634
260
68
722
49
467
204
472
119
626
121
720
501
472
257
356
559
195
110
218
698
365
526
124
338
721
694
253
6
468
302
34
333
570
546
742
532
43
791
586
119
19
177
150
400
504
214
167
105
774
364
403
323
400
471
159
574
16
434
687
150
188
476
769
760
119
104
778
174
73
20
429
784
162
320
17
774
376
297
38
655
596
425
759
503
724
468
442
269
117
312
73
418
58
85
27
392
317
504
787
502
581
13
302
557
641
197
154
120
447
724
682
54
797
356
657
772
683
261
166
154
192
595
738
179
447
530
709
788
99
384
441
267
446
499
502
342
308
96
374
423
208
786
214
756
788
762
598
277
394
551
250
758
341
253
214
719
623
243
358
427
218
493
549
737
587
60
591
11
227
776
676
760
215
618
637
238
190
31
440
507
579
139
16
669
519
513
749
183
60
41
71
700
533
564
676
466
493
441
217
429
473
305
413
587
133
434
411
414
354
272
15
518
182
556
234
208
564
257
418
122
686
326
517
440
459
590
413
583
243
39
183
93
481
726
129
7
55
373
698
161
72
617
77
656
360
130
722
533
291
66
544
482
780
663
539
235
363
202
583
4
338
215
177
597
133
70
753
4
601
792
569
90
106
173
92
378
670
527
723
496
498
605
723
375
109
229
356
41
652
241
570
411
396
478
155
8
3
479
105
60
607
420
72
624
79
553
611
589
166
283
461
320
260
664
704
59
49
216
483
578
361
298
191
527
237
754
262
599
312
69
263
296
749
235
251
363
692
10
551
779
273
780
418
80
464
704
474
442
99
13
17
108
377
151
369
519
255
379
462
578
632
411
429
731
497
347
635
330
701
359
233
406
681
350
502
128
509
123
638
577
796
199
481
359
15
685
439
214
631
274
267
653
607
514
757
337
331
617
6
302
63
485
494
200
622
670
643
196
234
387
536
4
583
18
344
639
758
781
263
740
173
344
382
358
480
384
362
311
120
72
436
31
99
244
587
262
632
639
380
620
426
125
635
482
799
222
385
148
657
486
628
210
102
343
329
28
311
667
577
779
27
65
44
469
614
752
134
630
730
122
260
191
212
523
337
124
483
438
316
234
662
171
552
685
578
177
780
233
774
361
244
642
458
533
610
38
102
11
96
458
48
92
645
360
294
694
142
178
68
261
543
17
669
459
34
598
778
579
15
236
391
704
410
509
145
58
765
664
51
761
213
189
271
548
329
441
487
791
168
788
17
773
99
225
505
443
717
281
491
339
109
793
214
279
583
162
267
210
720
138
369
316
698
622
453
498
136
756
54
654
438
404
590
536
605
777
451
84
194
621
759
601
278
488
406
680
14
61
400
178
768
45
210
641
601
150
53
261
424
776
276
401
14
238
782
354
745
748
742
371
205
513
371
293
654
664
340
198
56
633
433
577
201
58
508
570
34
723
303
502
220
519
444
270
244
420
374
77
483
628
633
599
77
223
716
660
776
672
205
605
433
531
167
137
316
406
675
267
276
441
304
448
721
318
296
643
482
760
208
684
266
485
773
730
134
111
86
232
266
447
639
461
423
95
257
103
788
386
312
409
378
295
765
274
257
417
289
118
406
247
219
543
296
332
129
440
646
699
225
597
783
605
711
731
604
125
488
263
764
624
514
798
510
4
783
266
563
730
105
415
555
465
471
672
767
446
763
37
711
165
386
14
507
40
246
570
743
131
56
227
623
74
455
722
207
124
787
656
449
54
568
296
47
24
322
239
380
313
6
359
338
368
685
324
558
204
231
136
257
293
280
332
243
55
771
583
723
54
723
610
275
20
60
280
393
697
529
480
49
562
645
87
748
325
570
491
377
467
172
156
634
154
422
624
490
25
382
610
744
90
535
551
544
34
340
467
138
725
200
503
591
6
126
287
488
384
499
536
423
343
305
83
533
349
199
777
785
505
415
706
271
159
462
763
169
399
263
107
306
20
70
48
688
637
786
425
690
98
141
738
691
11
202
5
187
265
498
662
435
493
534
471
404
580
369
469
308
449
758
768
19
649
50
536
582
270
750
581
354
196
16
201
628
347
81
170
255
509
283
539
455
754
63
663
192
236
322
98
14
263
263
736
337
457
460
693
268
16
383
384
380
56
442
775
274
436
385
654
701
292
682
238
60
657
451
321
248
323
380
222
573
225
17
762
19
38
190
418
718
140
30
354
107
9
49
39
487
526
541
690
84
589
714
735
570
417
626
218
331
673
552
179
45
2
234
685
146
404
708
632
754
313
140
51
339
662
385
278
580
558
112
57
766
266
497
527
476
707
623
506
626
50
501
544
207
438
205
579
102
523
73
407
620
447
702
272
724
465
96
496
192
580
174
464
361
235
225
611
50
392
144
377
494
451
55
91
31
269
259
664
353
459
245
200
437
370
190
773
431
94
506
398
237
228
628
254
64
257
467
730
555
491
250
234
649
312
601
264
239
531
229
10
37
601
417
623
179
370
742
377
32
155
579
561
508
150
19
698
414
124
282
120
674
532
46
699
306
323
494
369
519
657
399
543
181
641
104
204
198
113
314
577
655
421
43
55
486
566
466
220
125
319
187
123
175
139
764
215
499
333
277
610
472
48
175
577
445
776
313
631
516
10
280
178
677
188
18
428
393
271
509
659
124
604
414
227
172
238
558
766
237
636
534
302
597
575
704
402
498
299
775
343
247
97
101
655
12
504
61
751
561
592
602
553
740
632
331
129
285
485
1
579
168
516
659
640
389
428
668
96
308
65
512
11
563
1
426
296
426
316
187
770
416
263
275
282
793
399
152
40
483
708
605
679
782
678
659
371
642
442
393
289
544
530
606
51
395
241
9
390
511
594
535
189
115
788
680
22
115
768
521
443
574
577
748
522
606
31
518
326
163
775
528
286
755
197
756
350
126
758
6
263
791
390
103
381
647
274
247
575
26
177
459
724
530
328
353
56
47
59
391
32
576
621
17
262
418
706
552
365
725
595
367
324
750
256
574
351
478
526
80
305
729
233
562
220
445
759
474
509
252
101
189
710
327
54
668
237
620
109
308
91
146
633
710
162
570
40
475
768
196
727
151
590
479
789
513
482
606
787
624
255
302
85
208
593
220
299
708
723
781
440
107
293
271
792
702
732
467
90
711
338
140
128
24
586
124
337
151
715
497
563
113
629
682
534
96
420
576
54
114
351
110
231
182
525
241
454
728
565
511
781
251
600
550
493
68
654
163
273
581
343
438
733
99
504
455
407
729
40
56
683
624
391
781
190
265
177
721
481
588
157
137
727
736
393
583
23
531
198
708
125
404
368
692
477
220
144
455
688
541
307
254
607
337
321
667
614
639
388
268
351
16
635
371
605
358
461
402
671
374
409
286
37
570
166
517
213
90
310
687
570
33
760
428
494
407
243
508
133
333
29
256
194
193
243
713
742
285
364
764
746
559
496
313
799
132
345
746
69
506
361
765
484
674
310
470
498
290
330
297
199
316
238
626
37
403
648
85
788
530
249
684
92
792
357
324
129
206
575
435
762
601
78
511
741
548
249
764
154
541
550
650
472
577
94
519
398
634
520
693
99
120
116
579
145
66
224
616
46
359
662
477
551
111
726
423
296
418
639
215
681
643
204
145
172
701
755
453
746
657
269
463
249
70
771
224
596
349
593
349
668
402
682
216
687
756
308
168
705
513
777
459
680
599
380
244
716
784
345
109
336
670
346
35
514
158
197
73
461
730
194
333
169
226
760
515
47
468
180
522
721
271
682
608
27
128
136
285
722
365
758
545
599
408
399
501
434
427
711
526
415
463
563
232
578
780
715
406
10
796
74
706
97
8
754
729
617
86
586
194
32
347
279
35
341
250
190
15
165
517
19
555
469
482
619
201
284
662
68
124
444
263
492
511
58
737
385
180
788
476
434
367
567
398
49
710
273
791
363
352
731
206
685
159
328
483
499
332
261
473
209
9
469
294
51
570
450
112
195
324
348
605
449
244
283
466
644
8
8
129
51
397
683
298
667
598
477
687
156
627
7
414
6
554
246
764
55
231
178
753
318
57
385
589
326
505
385
740
582
733
62
630
169
766
601
538
673
43
759
694
72
616
51
450
271
155
39
762
587
591
136
150
659
701
312
692
591
761
515
636
711
590
768
443
175
397
691
249
550
58
411
766
123
778
130
732
118
385
651
245
143
513
275
96
321
197
758
382
265
495
654
24
619
262
757
235
54
248
375
632
42
330
738
266
513
353
670
697
68
721
747
346
54
270
393
752
455
615
438
123
714
161
4
79
198
215
676
537
399
238
486
492
392
142
540
694
789
454
505
786
226
396
119
329
62
142
526
196
461
153
380
384
766
641
467
14
356
310
192
650
150
601
308
139
191
22
413
712
263
702
734
377
58
259
726
710
734
722
726
453
57
412
189
475
573
185
554
206
582
424
426
737
42
87
461
274
650
142
192
569
709
670
220
711
74
482
106
8
257
738
128
491
214
435
790
585
238
536
643
538
778
581
39
573
640
643
495
322
775
197
17
215
492
754
31
43
735
276
414
316
524
685
795
466
297
706
71
750
686
31
739
725
406
397
23
792
263
715
623
334
467
447
133
667
449
303
241
400
736
26
791
680
129
750
129
67
323
141
647
43
599
164
401
625
648
140
774
627
133
138
545
411
144
555
578
673
207
364
358
405
605
117
436
396
574
320
625
35
683
760
49
187
104
630
103
466
725
140
589
388
258
94
392
102
401
556
425
144
350
115
226
436
258
771
397
471
543
535
693
344
326
240
396
789
540
771
139
520
300
345
69
697
787
156
378
273
447
237
67
676
259
263
39
765
427
474
470
171
78
121
454
506
650
279
141
322
329
529
318
561
350
2
676
39
34
472
412
150
710
419
368
280
344
31
498
575
323
469
180
568
680
176
382
520
8
302
638
761
257
19
101
659
479
345
246
290
160
716
723
538
770
42
609
213
426
362
397
100
620
666
732
605
645
390
427
461
629
229
313
351
384
540
717
126
339
368
113
798
12
379
653
683
642
164
484
465
651
178
348
564
597
681
623
671
406
756
203
348
76
505
108
722
463
259
295
501
564
715
127
183
228
606
424
4
321
439
42
712
134
556
761
464
620
311
752
46
463
182
641
77
215
291
627
798
385
45
554
3
4
557
24
359
491
614
51
346
392
235
403
643
799
9
167
661
711
56
675
155
147
417
440
353
234
71
379
17
192
701
85
34
678
394
45
104
678
589
363
314
657
506
39
17
237
141
148
488
561
200
279
286
569
498
578
576
252
246
516
678
279
586
639
771
541
78
88
798
541
702
105
473
156
680
178
227
44
761
276
196
212
71
465
209
107
43
766
312
78
413
382
78
741
466
230
21
319
44
578
181
556
477
520
701
175
677
40
792
234
687
618
338
795
560
415
651
336
515
319
490
195
238
477
730
604
522
742
491
100
773
313
422
582
247
466
513
572
743
545
465
388
442
63
582
203
79
319
428
433
604
493
357
603
525
220
288
166
665
794
445
745
356
591
612
244
523
762
536
65
397
756
747
302
782
432
383
249
626
25
152
521
762
163
280
599
347
133
128
30
796
104
286
54
678
782
321
693
349
112
726
222
287
145
433
499
592
44
774
623
244
676
631
0
380
215
257
412
92
620
566
714
380
462
646
238
304
512
476
699
679
518
640
24
685
22
170
364
722
797
63
223
605
750
199
148
117
713
302
726
254
756
532
553
328
273
247
521
672
395
229
335
120
40
194
541
411
227
334
381
464
640
734
635
242
716
60
488
565
6
712
247
136
10
704
422
168
602
579
422
86
739
485
764
618
615
560
516
262
277
332
713
367
306
304
654
558
252
232
410
246
56
488
799
73
49
13
349
378
470
644
142
549
9
154
248
263
614
504
307
766
670
508
266
189
113
373
329
625
588
741
657
619
253
366
401
692
799
713
179
786
240
713
394
772
399
560
299
130
468
428
216
449
97
367
496
608
679
728
643
705
452
552
463
65
335
388
493
458
495
630
303
210
564
757
517
699
434
123
557
593
512
350
154
441
255
594
675
62
193
734
370
741
133
395
777
598
197
651
337
508
440
195
435
93
639
245
326
273
209
226
7
362
251
126
363
91
176
719
318
417
381
375
354
710
450
704
743
354
109
337
28
712
166
42
424
29
16
201
390
774
558
163
310
660
764
685
330
526
709
242
156
68
146
741
422
249
457
335
718
485
352
730
271
422
239
615
258
638
620
611
88
94
714
597
62
497
342
559
223
91
632
75
431
352
756
299
223
322
678
30
224
740
775
732
132
645
133
264
423
660
393
608
182
373
272
44
269
516
236
399
792
416
697
453
592
453
494
617
553
560
238
713
597
116
155
267
63
199
399
187
704
359
329
410
578
540
527
616
261
695
691
419
503
98
639
391
501
531
340
657
203
226
568
661
786
566
368
772
343
313
596
498
271
215
412
100
132
792
397
536
322
745
693
72
457
386
414
588
259
6
486
493
282
268
698
748
360
767
781
737
135
203
158
3
764
590
391
446
439
60
590
775
104
539
623
142
480
234
61
670
31
401
123
366
55
170
242
223
515
607
645
723
781
0
486
332
226
471
148
26
529
41
330
93
711
735
383
478
573
26
730
331
244
153
132
340
277
373
582
469
701
384
779
274
529
5
414
692
419
65
164
54
152
737
602
731
504
128
269
540
431
374
784
86
462
652
665
373
129
623
65
786
736
697
407
522
519
724
774
253
236
450
746
31
693
334
797
26
799
569
282
228
250
387
398
690
137
497
564
52
514
470
199
275
249
6
760
664
526
221
76
690
341
218
758
558
273
700
565
773
329
8
262
772
533
493
370
123
124
243
261
426
589
533
690
162
22
355
108
773
353
343
591
170
246
376
279
574
1
612
309
339
239
778
251
558
43
171
405
501
114
3
15
783
485
356
493
559
98
748
57
467
774
28
87
155
473
96
71
674
461
781
277
303
617
218
465
65
692
510
437
618
358
642
381
220
260
340
15
544
634
356
645
504
650
216
665
44
541
678
525
156
52
761
294
456
566
152
349
564
410
679
461
779
125
529
43
41
316
664
47
46
752
657
170
41
73
11
723
500
414
549
752
554
645
234
545
398
776
112
760
117
130
342
572
649
185
223
184
83
743
288
174
579
404
586
3
293
91
162
586
81
237
693
336
501
232
201
739
69
734
740
489
60
75
195
116
194
375
147
385
119
348
582
641
57
444
316
148
499
136
351
694
40
210
651
706
103
706
626
273
357
611
674
772
545
294
769
508
345
250
2
622
794
769
229
718
493
673
366
308
524
95
443
759
194
405
607
418
774
344
377
754
465
526
560
158
509
404
17
189
792
519
19
427
570
576
562
485
665
706
25
305
211
159
486
172
273
674
209
670
792
388
776
479
230
310
340
317
428
464
631
213
749
131
196
132
67
336
202
785
68
508
591
166
657
716
766
137
655
254
217
619
420
785
619
417
290
450
482
89
613
539
601
87
707
234
208
445
405
166
128
562
468
21
669
190
674
147
666
9
226
633
454
63
334
778
273
467
91
19
657
355
435
398
774
450
238
689
673
59
132
609
385
140
245
195
94
78
379
455
155
267
728
357
276
471
603
666
477
636
218
168
556
549
422
149
274
94
534
28
601
318
200
333
656
350
398
701
469
161
476
201
528
111
230
476
520
302
146
386
361
155
559
220
50
753
351
401
275
349
385
88
385
255
72
627
290
353
414
483
350
47
191
161
175
508
519
757
566
157
44
739
630
684
568
10
710
568
771
704
264
599
449
218
203
658
417
580
295
553
179
202
793
108
744
583
503
766
310
233
542
779
672
84
7
102
529
361
140
552
300
41
441
250
566
353
443
476
405
63
710
669
496
666
507
99
607
65
418
265
382
632
704
581
796
686
201
304
257
285
68
142
558
638
734
471
652
379
681
67
296
450
247
172
500
372
55
391
251
754
408
652
653
482
45
264
414
31
424
491
408
799
478
400
38
512
354
475
736
184
754
566
74
486
283
382
777
741
119
20
234
104
564
503
665
154
742
289
677
307
608
143
483
70
69
45
107
195
388
768
390
700
3
141
691
270
693
91
414
698
539
394
189
9
756
242
526
363
27
737
115
748
267
252
205
428
611
680
718
561
675
265
30
617
99
598
715
407
569
689
594
575
415
147
408
243
198
27
784
630
365
443
650
342
128
238
691
565
526
140
762
672
390
178
628
444
231
50
608
82
600
646
621
6
756
709
798
235
583
576
691
304
569
627
166
572
304
391
556
114
570
256
385
562
429
428
260
406
309
433
714
303
492
87
355
452
765
481
143
8
65
683
19
466
545
22
412
154
496
381
181
256
391
196
587
753
299
22
193
799
258
708
207
184
72
375
342
30
617
782
67
401
656
123
431
764
21
524
792
770
113
128
137
487
444
248
260
589
683
717
750
239
412
363
773
287
707
593
168
660
282
107
687
716
235
68
255
307
458
590
60
209
466
353
620
85
124
46
338
351
5
325
189
469
477
624
249
169
283
103
1
743
142
404
53
713
714
591
691
738
87
687
182
563
260
561
769
446
487
564
162
763
125
449
250
351
689
105
615
144
498
624
368
116
627
745
794
624
230
658
122
600
788
736
576
326
37
519
552
780
543
533
261
178
743
686
216
529
598
539
748
479
615
216
177
672
754
279
604
146
319
527
551
124
6
311
449
311
434
741
631
345
301
39
774
330
698
513
4
741
644
162
518
430
679
119
491
218
8
579
300
73
11
252
685
747
410
171
9
188
707
453
616
250
682
59
434
300
481
694
775
175
720
251
742
677
657
436
109
418
613
480
229
411
560
516
13
458
418
530
794
438
49
221
202
347
148
647
186
561
74
238
488
675
369
137
231
436
519
763
294
34
724
68
691
611
601
657
614
529
374
384
439
52
10
376
83
409
37
255
620
595
416
471
473
382
659
241
238
298
130
541
629
283
714
55
521
125
678
277
292
646
687
701
231
644
369
41
771
733
479
258
129
532
647
711
298
210
697
568
219
94
413
427
618
621
59
277
250
776
81
612
626
647
159
774
265
780
310
51
220
449
38
530
204
785
225
160
549
111
666
538
15
211
178
451
367
7
409
693
650
742
464
71
329
553
649
45
161
317
727
370
44
105
629
662
725
353
31
643
286
2
752
157
504
34
184
717
53
384
282
675
177
709
93
550
315
212
344
224
232
382
570
755
447
341
724
558
539
545
60
94
317
673
454
677
248
399
761
68
471
328
355
593
769
391
503
623
93
237
465
285
377
391
431
707
271
520
475
304
15
589
529
238
404
120
281
790
328
709
17
365
288
621
152
58
436
187
136
212
348
434
61
65
206
664
209
210
7
164
599
392
598
729
471
485
14
586
340
175
537
709
687
483
479
123
184
715
669
176
136
762
383
528
4
584
497
212
546
190
614
120
330
713
529
485
268
35
48
449
289
563
32
297
504
91
460
640
543
777
211
23
722
676
348
177
570
617
630
375
20
222
592
280
684
583
408
467
9
322
654
60
785
372
745
27
675
73
58
349
549
593
84
112
164
22
505
78
634
209
775
782
515
312
498
450
133
751
628
709
366
783
55
217
430
194
429
160
172
607
100
590
129
312
77
191
413
698
701
540
188
24
688
98
91
483
62
309
0
348
394
690
596
699
297
210
629
520
521
234
218
556
618
519
390
113
64
571
797
466
775
569
229
356
248
743
35
176
594
791
92
49
202
789
260
474
261
647
439
255
509
497
175
36
286
516
51
213
114
464
787
558
272
317
651
745
258
620
19
451
777
452
105
560
400
771
166
400
309
218
486
292
1
426
587
26
296
72
330
452
66
518
421
732
302
276
671
580
212
546
568
152
257
334
140
335
100
785
763
140
590
454
626
585
679
443
740
643
290
574
597
664
721
206
313
243
443
138
334
739
425
310
585
88
567
704
520
141
384
683
717
712
125
370
669
467
569
381
517
693
692
401
621
326
438
291
404
727
81
698
736
322
183
477
732
326
795
167
698
376
769
787
423
795
591
101
49
611
565
154
667
618
536
275
247
405
646
514
362
760
104
675
664
302
658
116
795
519
545
253
380
191
351
736
677
462
286
583
761
135
779
412
225
127
394
437
485
583
339
415
374
521
376
7
481
230
642
85
333
33
682
138
126
559
50
778
149
158
431
262
94
581
600
448
607
633
396
674
364
171
418
458
711
108
196
326
670
507
172
9
447
755
518
648
243
352
321
208
121
406
126
616
363
643
222
447
637
729
163
580
67
775
458
335
83
82
443
