125
46
16
335
132
178
265
92
195
354
183
139
243
261
159
324
300
322
357
18
239
143
139
347
389
91
21
69
48
193
220
44
36
232
120
280
236
28
143
8
222
141
118
271
319
6
219
140
283
286
131
259
227
347
367
220
124
3
258
51
149
4
154
320
136
363
185
350
254
336
167
89
45
229
100
172
37
309
64
163
220
169
123
187
76
141
179
347
278
282
56
173
385
371
384
50
391
121
207
218
169
369
152
248
265
269
170
231
338
131
215
45
322
119
374
95
185
259
387
187
31
295
110
296
189
237
42
108
351
169
171
254
118
57
20
246
247
319
7
331
117
309
179
148
375
297
290
375
184
224
265
234
106
148
351
366
391
29
59
186
32
272
200
361
382
42
199
372
398
175
199
2
391
202
356
185
319
180
48
327
210
148
242
341
196
264
308
216
133
289
125
262
47
307
40
60
389
299
119
319
186
71
364
215
205
95
308
314
128
139
26
112
70
247
132
22
232
20
225
180
215
25
194
29
99
333
358
99
90
122
58
381
232
61
81
20
47
116
65
32
268
367
372
183
57
250
197
316
196
161
112
115
260
110
229
29
292
17
347
254
244
20
291
2
65
98
109
134
14
37
335
171
267
319
244
257
148
202
293
0
219
348
293
366
22
146
146
99
74
319
153
92
136
23
207
83
359
96
196
399
73
390
326
251
130
136
309
53
97
377
61
301
6
6
286
218
172
186
185
387
23
226
208
361
360
337
157
105
56
343
19
344
107
233
241
231
225
7
180
168
27
379
67
261
76
355
165
340
173
39
391
66
227
47
204
88
43
354
394
144
389
174
319
313
320
324
396
196
320
196
42
136
347
99
126
200
274
117
190
223
168
254
191
61
339
109
181
399
165
190
87
296
75
264
322
93
143
238
395
278
111
208
228
118
277
378
69
129
21
261
378
218
256
398
26
239
126
69
342
201
273
363
185
313
150
115
144
388
370
88
395
29
191
284
330
214
189
26
223
11
44
105
383
194
234
287
377
309
105
155
69
270
35
183
6
338
284
342
246
298
287
27
376
88
195
306
328
163
15
39
80
304
328
304
286
384
186
139
335
78
80
397
33
274
89
290
266
58
168
137
292
78
235
193
258
163
15
256
284
246
371
70
267
12
290
151
39
29
170
78
389
79
31
108
54
27
238
188
189
284
111
73
295
114
189
271
157
335
322
169
200
301
381
262
121
364
215
129
166
219
282
388
0
12
122
266
100
55
340
138
114
71
377
153
130
59
214
134
19
79
368
148
273
19
204
265
139
141
44
82
48
382
49
306
107
299
27
289
122
393
286
79
360
213
301
114
109
234
295
118
334
119
365
233
270
139
343
144
179
385
279
143
88
121
218
81
72
74
148
56
365
42
277
159
161
94
204
394
211
134
224
109
345
195
76
279
54
96
365
284
288
37
220
6
225
168
121
38
180
392
130
331
307
229
18
49
48
136
125
235
260
89
148
391
372
79
343
96
67
173
188
145
283
94
27
75
182
121
46
74
212
99
191
94
325
29
29
164
26
10
295
331
256
262
315
7
43
92
283
188
56
288
149
62
171
269
141
151
45
4
168
341
344
174
288
133
256
184
371
223
286
190
70
182
212
143
262
332
134
321
327
3
389
75
379
268
193
317
289
229
337
166
198
39
295
354
1
352
80
316
122
217
279
380
185
214
315
193
58
106
290
222
67
214
63
41
65
79
179
306
77
279
197
299
387
109
271
320
216
208
234
164
339
19
319
340
101
363
221
359
156
309
397
94
393
236
294
249
113
374
398
298
389
89
124
52
394
190
62
359
3
66
140
205
71
225
341
6
223
235
0
299
278
108
314
374
335
180
231
305
282
209
365
337
171
73
87
320
313
357
227
24
129
164
365
209
245
320
104
36
375
382
197
326
101
385
119
282
284
334
85
358
69
332
366
40
16
189
123
135
291
165
30
5
327
357
380
315
385
397
129
287
209
178
281
371
45
327
231
70
202
327
0
347
6
159
211
122
317
348
198
121
116
109
138
284
313
260
250
220
143
28
55
208
128
20
142
133
354
121
222
192
225
206
382
134
390
185
305
34
43
272
44
281
383
158
378
51
138
311
367
226
280
183
366
23
32
326
332
382
382
28
109
276
208
254
223
85
12
202
251
43
195
160
228
289
75
364
49
9
273
126
159
173
231
270
258
399
284
119
381
215
66
273
37
267
336
133
208
15
375
308
374
203
216
265
159
16
274
190
275
87
68
268
164
131
361
80
322
132
