178
3
1
95
66
0
2
9
2
387
57
2
1
153
0
18
2
93
16
1
106
2
1
6
241
195
116
6
131
5
51
38
26
65
1
2
8
5
339
2
397
120
127
35
300
0
30
1
8
1
1
4
244
42
37
32
83
42
0
0
159
155
5
3
1
26
21
0
0
28
398
29
2
85
12
1
6
22
20
22
270
30
37
0
4
9
5
4
51
2
8
0
44
267
73
0
16
64
335
5
317
182
39
13
3
0
2
0
240
34
303
54
71
4
19
385
0
12
0
102
11
34
139
111
0
247
3
27
37
4
39
2
10
372
11
7
59
166
188
386
133
89
79
16
17
113
363
1
8
14
29
65
11
4
1
17
3
4
9
40
26
7
1
1
5
59
18
0
62
70
0
0
167
52
16
0
0
12
147
12
94
11
5
268
5
26
1
73
8
0
4
4
144
0
40
1
0
0
0
161
0
0
4
2
0
4
4
0
6
1
27
308
9
196
0
2
2
110
43
339
194
0
3
3
378
64
144
179
55
23
129
367
22
2
109
0
51
0
43
341
284
13
0
0
7
17
30
141
1
2
338
0
104
3
2
141
0
0
277
4
0
326
0
70
111
90
1
99
7
205
32
1
78
107
54
81
0
1
3
6
56
1
120
3
0
0
103
1
27
0
20
22
0
34
1
3
0
15
46
159
57
16
32
390
33
4
0
3
105
1
1
36
30
11
0
6
30
0
226
1
136
10
20
15
0
23
34
58
42
21
53
52
18
121
0
32
7
28
124
123
48
1
1
21
0
5
11
3
92
0
2
16
1
147
0
17
17
4
9
170
108
86
43
2
52
0
137
59
29
0
130
4
94
0
5
3
121
67
97
0
181
90
1
55
30
2
0
76
1
168
0
15
293
15
1
0
11
2
53
30
309
53
18
93
3
15
11
314
1
19
366
11
35
27
24
197
3
6
63
2
0
34
58
9
1
0
58
13
47
5
20
1
5
46
5
137
73
0
5
40
22
253
57
7
44
0
1
10
10
67
0
0
15
14
0
26
0
95
35
4
172
7
4
111
45
3
21
106
103
2
7
6
0
0
26
10
0
3
2
29
253
2
210
64
256
183
127
0
0
79
14
139
33
180
211
33
0
0
118
22
11
1
0
24
3
1
6
2
96
13
8
10
0
31
12
86
2
1
13
112
30
22
1
124
0
42
0
254
1
49
0
26
62
0
10
1
148
1
0
14
0
385
19
39
40
2
0
9
66
43
0
211
1
274
6
195
90
29
101
0
236
4
8
10
379
6
3
1
21
165
4
2
0
0
0
7
113
1
0
95
32
10
13
1
2
9
149
117
1
88
13
22
22
4
2
46
3
20
8
0
6
12
13
74
3
0
45
23
27
2
348
1
0
341
6
0
3
28
6
0
89
0
132
152
180
267
296
20
223
173
44
0
77
8
0
0
1
0
0
1
0
50
67
4
365
0
2
111
63
21
26
0
3
18
5
91
0
1
111
68
9
10
2
3
208
5
4
41
0
23
43
0
29
69
22
14
3
85
145
0
129
223
100
5
2
0
8
4
1
2
4
31
220
5
1
144
0
34
23
8
25
247
15
42
0
5
1
9
13
0
250
3
2
0
37
379
179
1
236
0
25
15
223
3
18
70
276
224
0
2
3
2
76
0
1
24
21
157
16
257
36
10
4
1
7
0
0
289
6
115
187
0
0
0
32
24
296
121
4
5
1
10
322
0
207
15
0
208
0
0
0
8
5
0
38
55
332
0
255
0
2
84
141
4
12
2
6
1
17
3
6
4
9
0
290
119
75
30
331
28
26
321
17
12
9
36
324
4
5
111
43
1
224
10
210
0
327
55
8
81
0
15
3
46
12
4
25
0
2
62
41
52
96
137
150
126
0
270
47
53
1
2
0
1
12
0
119
7
3
125
7
1
1
84
23
108
2
33
6
22
18
7
7
5
10
3
34
0
1
2
0
0
3
21
6
9
4
0
282
127
1
0
4
25
271
5
289
5
28
0
245
5
0
0
22
6
1
63
259
0
11
2
5
1
196
6
1
185
5
1
83
2
373
226
2
5
35
159
0
4
140
7
0
54
2
1
128
0
212
1
331
26
318
83
120
1
61
19
9
117
1
7
14
4
12
223
5
0
0
33
22
21
52
3
0
9
9
53
389
0
327
135
14
305
0
395
26
13
125
26
1
57
0
0
88
111
76
0
12
23
12
27
23
0
8
1
2
2
3
5
165
0
77
61
1
137
18
0
24
0
