5
126
169
85
2
0
42
0
0
58
0
0
71
2
0
23
124
2
0
0
9
8
7
4
1
0
2
64
1
1
3
8
2
1
7
70
0
121
1
0
29
43
0
0
1
55
16
148
39
31
8
8
1
4
10
0
25
4
68
35
6
22
176
95
52
2
4
64
15
4
78
5
0
16
0
26
0
1
108
2
145
1
29
3
7
21
2
4
145
7
16
0
28
0
61
0
0
2
24
165
16
11
33
5
2
1
34
3
0
40
5
38
46
1
13
0
4
1
9
11
130
13
43
7
95
140
16
1
3
11
73
0
54
0
0
4
1
48
2
2
4
10
5
157
67
194
37
54
0
0
183
1
0
0
7
22
30
28
82
135
0
0
34
13
1
1
5
102
7
198
2
67
7
45
8
7
1
143
5
0
7
1
44
26
2
0
29
106
1
116
3
0
9
11
3
2
0
14
18
69
43
81
39
20
9
0
3
103
26
5
2
6
112
15
22
7
189
82
1
165
40
4
39
9
108
5
0
80
42
27
0
32
0
17
85
90
2
124
3
2
0
99
7
0
1
1
5
12
78
1
3
3
4
18
1
0
1
22
1
37
4
4
3
5
0
6
16
55
5
3
48
3
64
3
162
1
0
0
41
4
45
86
3
108
6
43
4
9
0
49
2
4
17
1
1
14
71
53
9
10
55
56
3
12
8
134
194
0
4
174
55
1
44
3
4
150
29
4
0
63
3
12
0
3
31
15
0
166
8
1
1
82
0
20
8
0
2
0
2
51
0
3
80
63
46
112
4
85
43
31
0
22
3
25
33
0
114
4
1
1
11
19
3
8
5
0
6
10
13
6
0
35
92
89
20
69
194
103
0
144
3
62
12
6
3
92
1
7
5
159
1
7
50
20
79
0
11
6
0
1
0
184
16
0
81
88
0
7
6
2
45
4
51
17
146
0
2
0
29
6
48
16
0
1
2
1
41
1
8
5
2
9
6
75
0
129
65
0
65
20
14
3
13
81
170
44
0
0
33
87
124
0
32
180
0
59
4
11
1
92
0
90
3
101
19
8
14
7
86
11
1
40
50
8
18
64
0
2
0
60
0
0
14
32
9
138
22
1
42
2
1
194
12
41
197
116
1
13
156
27
108
27
49
113
1
0
0
12
50
35
129
21
92
0
0
70
1
137
0
13
38
5
63
1
1
5
73
0
57
5
20
0
0
21
133
192
54
57
0
2
188
191
40
89
2
9
2
0
17
4
140
21
2
14
1
10
0
11
6
4
60
0
9
7
2
191
10
0
97
8
171
0
44
30
185
57
20
94
2
0
4
94
0
17
74
17
51
6
2
35
8
2
2
7
9
63
1
3
67
38
17
71
13
8
118
27
4
5
8
41
0
0
48
31
12
0
3
10
21
2
62
29
12
3
0
40
4
11
0
121
103
0
4
32
2
35
43
42
23
27
7
91
7
18
76
13
2
21
2
79
1
47
0
11
34
43
2
10
6
111
0
73
2
184
52
120
17
6
52
94
0
168
0
45
54
0
161
0
2
162
6
127
33
7
0
0
9
13
1
5
87
29
3
76
45
29
8
0
95
0
127
79
2
8
25
1
2
64
5
0
0
12
121
26
8
105
136
46
6
17
124
14
8
0
81
1
6
24
76
3
49
1
22
0
1
0
7
0
189
198
24
131
175
4
10
3
145
2
0
1
68
178
2
158
12
30
3
7
10
11
3
7
6
1
72
2
9
8
4
105
41
6
1
1
42
127
82
1
6
7
6
101
1
185
0
7
13
170
100
1
33
0
108
8
184
58
84
65
88
5
85
0
179
2
0
12
2
98
2
19
107
127
4
35
2
30
0
48
14
15
15
3
64
14
104
0
20
0
31
11
0
3
15
12
145
3
84
175
10
0
19
0
0
11
61
0
4
6
0
3
11
0
31
51
6
3
16
130
36
4
30
6
13
0
33
0
59
15
2
0
17
105
88
3
1
154
0
3
123
6
8
76
86
0
178
0
103
0
12
1
3
1
1
20
12
2
8
6
66
133
1
0
4
2
3
34
41
0
82
3
2
13
16
6
27
196
14
17
1
0
0
11
56
12
5
4
1
4
0
14
2
33
2
0
7
9
11
35
2
153
0
26
33
3
2
2
96
111
4
177
2
4
0
7
1
5
1
5
18
4
1
12
175
0
1
1
11
0
59
7
0
3
19
0
25
0
68
12
2
2
191
0
31
2
1
195
48
56
1
22
1
1
0
23
7
0
46
52
174
30