10
0
2
43
0
19
3
132
32
3
72
1
6
1
5
0
0
15
6
18
1
1
137
3
1
5
0
126
7
44
10
0
0
0
16
0
17
12
2
32
1
7
22
1
26
1
5
21
131
0
92
0
0
19
83
9
63
9
74
2
11
10
45
5
3
19
38
47
37
2
2
8
6
118
1
78
174
22
2
0
11
9
0
3
0
28
12
3
31
2
0
22
71
13
1
37
161
42
0
19
0
37
0
29
105
0
30
1
1
3
13
6
7
10
0
1
5
14
0
4
0
0
1
55
21
15
6
2
23
0
45
84
1
132
15
0
6
0
7
10
0
17
0
1
1
13
27
3
49
0
54
33
6
151
20
3
3
40
1
59
0
118
2
1
69
2
24
23
0
6
2
19
2
34
1
1
4
2
2
0
0
70
62
20
22
1
0
0
31
180
14
2
6
11
134
22
10
0
2
10
7
9
0
139
39
74
0
0
0
29
14
50
14
2
1
3
13
0
1
0
114
4
5
177
3
1
134
12
10
158
10
34
54
86
38
16
52
39
165
2
1
1
64
138
4
165
185
137
1
0
0
8
25
1
0
155
0
103
0
16
0
11
5
3
192
52
123
89
74
120
132
9
10
8
96
73
142
28
4
0
19
4
139
0
0
152
2
66
0
0
134
129
2
20
0
142
0
1
59
1