144
194
133
198
94
82
195
199
197
150
198
125
182
197
181
157
44
9
93
166
153
162
192
198
180
195
195
170
187
199
195
186
165
199
199
177
109
165
105
190
198
199
198
198
175
199
16
195
199
197
199
199
28
195
182
156
129
94
193
199
161
196
154
138
175
199
197
178
46
150
199
190
199
164
145
191
192
196
196
190
199
190
126
196
198
198
140
191
55
199
193
195
115
199
192
191
199
32
199
197
198
175
164
193
185
88
196
195
161
149
198
195
196
199
114
199
175
199
147
172
180
7
119
188
185
197
199
114
20
199
192
198
92
195
189
199
192
197
190
199
199
195
173
197
189
194
187
199
199
107
183
197
199
198
178
199
73
198
147
119
144
183
185
167
194
196
173
195
177
169
176
170
191
193
162
180
192
199
161
195
196
191
197
162
199
187
120
199
199
196
144
197
153
196
50
49
191
181
189
81
77
198
166
67
193
176
159
130
110
192
162
193
190
199
182
95
188
198
8
3
150
191
176
199
199
11
145
199
144
75
107
197
192
183
161
188
133
182
197
199
193
83
184
195
199
156
92
199
197
145
194
192
178
199
181
151
120
195
172
137
198
147
190
183
193
104
159
194
21
199
196
196
199
197
193
199
167
199
23
196
183
197
184
170
175
191
192
194
128
199
198
163
194
197
45
199
168
89
185
195
199
190
194
197
198
115
195
198
157
199
156
199
119
199
196
119
199
199
199
199
174
198
196
129
198
58
174
173
187
193
198
141
115
197
126
196
143
170
168
194
199
199
192
189
198
192
199
125
172
194
199
199
199
188
163
175
193
192
149
196
82
185
199
199
198
183
71
198
197
199
166
97
197
146
97
198
170
177
127
196
140
199
147
193
91
133
180
125
196
188
186
197
199
159
195
198
199
199
199
174
192
182
169
196
197
197
196
155
198
196
198
194
193
78
199
191
141
196
177
47
194
50
37
197
198
180
197
194
189
196
72
44
199
199
199
177
199
192
141
196
66
197
197
197
199
197
199
199
186
169
195
199
199
193
76
187
197
199
179
198
195
192
199
56
199
58
191
116
193
176
194
194
198
199
172
199
196
197
182
140
34
195
127
195
62
188
199
38
27
199
188
194
199
17
64
199
191
195
186
176
88
199
189
199
199
199
176
145
138
159
196
195
198
191
189
146
193
196
162
148
20
24
195
189
192
196
175
197
199
27
184
199
147
47
195
197
178
97
42
199
199
181
69
119
142
180
195
198
63
106
191
199
95
199
189
173
197
84
199
188
178
192
199
198
183
199
145
197
189
174
185
197
45
193
197
22
194
166
197
43
169
197
197
162
198
199
13
187
180
197
196
93
199
199
195
199
194
199
199
145
184
175
136
199
192
198
177
199
197
198
181
141
148
188
194
191
150
187
173
198
157
139
199
180
192
199
199
192
177
191
176
184
192
174
139
183
199
187
197
199
152
161
199
192
20
199
199
198
191
195
171
195
199
199
199
162
26
196
182
190
190
155
161
129
197
170
195
193
199
194
116
40
189
170
119
111
177
195
199
193
195
191
199
92
162
159
197
121
198
158
53
197
194
90
191
199
2
199
174
120
199
191
81
192
145
196
184
199
189
196
122
101
190
199
198
198
199
198
76
83
184
121
199
98
158
138
199
196
84
23
94
198
158
155
175
197
33
198
199
42
199
178
199
193
199
199
196
162
151
198
198
92
199
175
104
186
186
93
115
195
197
199
199
185
161
174
199
199
179
192
38
197
199
197
68
199
155
199
172
150
8
124
195
199
151
127
105
198
193
185
196
197
63
187
158
33
199
198
186
184
198
199
184
195
55
127
199
197
199
179
199
199
194
123
159
199
199
196
199
118
199
159
179
28
122
154
161
4
184
84
77
76
198
192
199
189
17
199
196
196
170
143
186
196
196
188
183
182
195
199
172
199
105
186
151
169
9
119
141
195
199
199
120
199
199
184
199
141
197
198
186
199
196
117
30
198
97
22
173
197
159
187
181
151
75
198
199
198
131
192
199
191
198
199
197
90
199
188
194
199
192
168
185
109
196
195
7
199
196
116
31
190
81
187
191
197
199
171
197
104
190
193
199
135
173
167
199
199
180
199
49
198
199
198
195
195
195
173
77
193
187
116
195
176
198
165
192
198
198
199
199
196
88
195
161
9
198
193
195
191
191
197
199
194
176
165
141
155
152
145
199
28
195
149
174
144
165
197
197
187
192
196
196
156
122
157
182
196
176
103
122
134
153
151
197
196
47
45
131
199
