52
54
85
44
169
80
105
38
155
77
43
16
112
30
42
99
169
86
17
11
3
52
130
113
111
22
10
61
78
68
98
197
60
60
15
14
19
166
89
157
180
133
182
199
87
189
57
192
107
85
47
39
197
66
116
75
90
82
178
57
30
85
198
182
162
48
55
132
183
132
109
188
3
97
62
111
36
146
61
10
175
186
133
44
176
69
28
189
170
136
157
117
23
126
167
18
27
20
12
183
63
101
128
93
138
76
44
24
150
71
95
88
187
136
128
74
141
14
160
187
18
156
148
93
43
84
126
152
57
169
151
9
24
174
154
114
134
77
189
174
87
43
17
92
32
115
35
138
30
95
182
158
61
35
90
78
34
116
168
174
48
118
70
197
170
9
164
112
170
154
122
28
77
151
193
146
118
72
126
87
10
74
72
1
179
47
73
181
74
100
128
77
120
94
59
63
111
142
188
41
12
94
199
127
144
179
88
4
61
65
121
110
14
74
184
31
90
125
108
182
41
57
47
35
86
181
147
28
78
100
187
48
105
192
154
69
26
175
121
108
134
78
74
145
12
171
68
97
73
87
60
1
111
121
53
129
128
193
73
125
85
15
173
17
23
55
18
129
64
91
150
133
127
142
107
140
36
86
75
195
29
190
29
29
89
142
145
59
111
82
73
8
67
64
179
171
113
166
35
33
92
24
192
54
63
68
123
102
27
197
90
161
187
27
94
1
115
114
125
79
54
197
151
7
3
135
35
137
193
118
57
121
74
131
23
181
163
57
137
69
52
24
31
109
120
130
163
129
187
174
7
34
56
86
75
120
172
41
137
55
158
185
142
119
144
139
70
113
67
110
86
50
87
83
100
9
55
137
9
15
184
162
121
75
119
49
180
192
136
124
8
128
36
183
57
158
85
149
195
10
186
158
20
33
43
123
58
100
26
4
85
11
17
33
190
76
55
172
84
181
143
117
187
161
169
41
67
40
28
98
146
15
134
3
48
14
139
132
35
5
95
174
43
3
136
79
4
128
178
111
192
4
14
161
145
169
116
22
134
189
135
68
70
89
105
170
125
132
72
102
155
21
75
48
10
162
99
62
133
115
169
95
73
84
112
55
167
98
129
170
109
189
138
180
21
168
86
64
165
69
109
75
102
61
175
164
136
45
85
142
75
109
66
172
124
32
124
91
76
4
59
58
179
100
24
96
123
179
6
154
55
9
33
124
112
15
13
93
55
9
142
154
17
179
156
36
98
185
25
164
31
68
166
51
15
93
159
1
62
24
90
97
172
147
5
65
183
115
109
11
18
150
71
23
73
55
161
29
174
54
147
79
175
151
4
47
23
196
74
53
43
104
113
149
124
29
28
86
52
184
2
22
5
161
137
114
38
159
151
198
177
194
123
49
153
4
171
192
184
83
88
117
31
198
191
38
196
49
155
170
14
179
95
35
102
24
106
184
78
179
154
131
0
32
152
42
176
196
28
181
38
151
166
198
178
47
99
166
105
87
198
56
7
19
17
103
8
118
154
60
131
158
32
170
85
20
105
191
47
194
125
110
15
139
48
28
140
77
38
168
194
58
67
76
82
46
188
88
140
0
185
82
93
48
54
161
58
50
114
180
181
5
194
81
189
72
197
39
136
1
172
82
95
198
107
140
132
97
94
158
33
90
118
6
19
161
38
137
65
106
68
135
160
154
98
81
27
128
65
156
127
105
163
95
85
58
167
132
166
192
122
60
94
33
53
18
127
62
21
117
103
0
4
21
79
95
168
90
94
30
116
157
162
56
136
38
75
86
140
157
64
159
162
53
117
1
94
81
48
189
73
69
74
134
150
53
67
13
2
38
95
16
124
24
119
194
16
85
7
54
138
168
37
193
4
195
31
96
189
45
133
125
42
158
44
73
87
164
109
121
0
128
5
60
64
178
86
4
5
191
20
93
113
197
37
149
90
39
170
110
164
164
67
68
176
192
103
196
135
144
124
191
1
37
91
128
91
133
77
176
78
113
73
114
181
174
29
21
150
70
33
190
122
64
114
85
22
175
100
174
16
190
164
184
47
118
74
159
147
135
61
182
23
162
64
64
58
93
181
61
85
35
35
199
50
158
145
22
143
43
83
45
130
33
140
91
21
150
43
44
96
139
185
56
159
51
116
50
161
149
122
162
55
169
92
93
16
98
7
120
37
98
116
109
12
162
19
141
32
129
191
150
85
98
178
199
87
119
55
136
47
44
57
131
66
96
62
8
187
85
39
75
78
126
45
17
154
151
186
147
